Top 5 Models     


                                    			     model_id mean_residual_deviance     rmse       mse      mae     rmsle
1     GBM_grid_1_AutoML_20190428_224617_model_38              927633810 			30457.08 927633810 17202.20 0.1450101
2     GBM_grid_1_AutoML_20190428_224617_model_34              935643047 			30588.28 935643047 16973.99 0.1424841
3     GBM_grid_1_AutoML_20190428_224617_model_23              962052241 			31016.97 962052241 17332.15 0.1462240
4     GBM_grid_1_AutoML_20190428_224617_model_73              963894545 			31046.65 963894545 17376.38 0.1493379
5     GBM_grid_1_AutoML_20190428_224617_model_65              969372224 			31134.74 969372224 17393.59 0.1482796
6 XGBoost_grid_1_AutoML_20190428_224617_model_27              973748823 			31204.95 973748823 17385.54 0.1491091




